pH 3 9 12 14 18 21 26 27 30 35 39 41 45 46 49 55
1 0.000449999 0.000319999 8.99998e-05 0.999 0.99913 0.99834 0.99997 0 0.0002 0.99786 0.99829 0.99994 0.99823 0.99958 0.00014 0.99993
2 0.000449999 0.000319999 8.99998e-05 0.99551 0.996 0.98835 0.99061 0 0.0002 0.9844 0.98638 0.99662 0.98779 0.98793 0.00014 0.99687
3 0.000349999 0.000319999 8.99998e-05 0.96034 0.96172 0.88776 0.9401 0 0.0002 0.87812 0.89828 0.969588 0.90152 0.88597 0.00014 0.96797
4 0.000379999 0.000349999 9.99998e-05 0.698471 0.746439 0.480721 0.661289 0 0.00021 0.460369 0.498461 0.7815 0.503979 0.491009 0.00015 0.76087
5 0.000399999 3.99999e-05 9.99998e-05 0.19722 0.271349 0.0930898 0.18558 0 0.00015 0.0975898 0.11355 0.291679 0.10425 0.10572 0.00019 0.24379
6 0.000499999 3.99999e-05 9.99998e-05 0.0245 0.0306099 0.00991998 0.0271499 0 0.00015 0.01058 0.01439 0.0455299 0.01303 0.01073 0.00019 0.0339599
7 0.000499999 3.99999e-05 9.99998e-05 0.00203 0.00480999 0.00217 0.00182 8.99998e-05 0.000309999 0.000759998 0.00262999 0.00531999 0.00181 0.000899998 0.00019 0.00275999
8 0.00277999 0.00493999 0.00142 4.99999e-05 0.000839998 0.000279999 0.00014 0.000659999 0.00165 0.00012 0.000759998 0.00143 0.000459999 0.000419999 0.00145 0.000549999
9 0.01903 0.0250599 0.02114 2.99999e-05 0.000579999 0.000279999 9.99998e-06 0.01234 0.01651 2e-05 5.99999e-05 0.00011 6.99999e-05 0.000269999 0.01396 9.99998e-05
10 0.186262 0.202672 0.175542 2.99999e-05 0.00014 0.000279999 9.99998e-06 0.13442 0.15049 2e-05 5.99999e-05 0.00011 6.99999e-05 0.000269999 0.12629 4.99999e-05
11 0.678531 0.678069 0.638109 2e-05 0.00011 0.000609999 0.00016 0.579999 0.587241 9.99998e-06 3.99999e-05 0.000449999 4.99999e-05 0.00015 0.610481 0.00019
12 0.95361 0.95584 0.94348 2e-05 0.00011 0.000589999 0.00015 0.915778 0.93115 9.99998e-06 3.99999e-05 0.000479999 4.99999e-05 0.00021 0.93966 0.00018
