pH  1            6            7            9          11           13           14          16           18           22           31           37           44           47       50
5   0.000102     7.39999e-05  0.0333599    0.000162   9.79998e-05  7.79998e-05  0.000104    0.1195       4.19999e-05  0.0731799    1.8e-05      0.199346     1.6e-05      0.17088  0.000118
6   0.000102     7.39999e-05  0.00476999   0.000122   9.79998e-05  7.79998e-05  0.000104    0.01103      4.19999e-05  0.00906998   1.8e-05      0.02298      1.6e-05      0.01784  0.000118
7   0.000291999  0.000943998  0.000769998  0.000162   0.000267999  0.000208     0.000184    0.000699999  4.19999e-05  0.000979998  0.000767998  0.00228      0.000475999  0.00103  0.000517999
8   0.002072     0.00331399   0.00015      0.002392   0.00438799   0.00484799   0.00495399  5.99999e-05  0.002022     3.99999e-05  0.00289799   0.000409999  0.00274599   0        0.00256799
9   0.0279119    0.0265639    0            0.0354519  0.0423379    0.0471779    0.0374039   9.99998e-06  0.0253319    0            0.023348     0            0.020316     0        0.020968
10  0.212402     0.194622     0            0.227054   0.254787     0.267829     0.255903    0            0.184704     0            0.196668     0            0.181876     0        0.175498
11  0.704949     0.640391     0            0.688097   0.710269     0.693697     0.701737    0            0.644157     0            0.689757     0            0.673545     0        0.661233
12  0.95226      0.941358     0            0.94884    0.95403      0.94953      0.94634     0            0.93982      0            0.95215      0            0.94665      0        0.95015
13  0.99681      0.99204      0            0.99633    0.99502      0.99339      0.99527     0            0.99466      0            0.99366      0            0.99321      0        0.99563
14  1.00005      0.99913      0            1          0.99963      0.99994      1.00008     0            1.00006      0            0.99963      0            0.99965      0        0.99955
