1.0 0.000112 1.6e-05 0.996034 0.000134 0.000108 0.000106 0.000114 1.00006 4.39999e-05 0.998796 4.19999e-05 1.00004 1.8e-05 0.999688 0.000136
1.5 0.000112 1.6e-05 0.992524 0.000134 0.000108 0.000106 0.000114 0.997724 4.39999e-05 0.993046 4.19999e-05 0.99893 1.8e-05 0.998928 0.000136
2.0 0.000112 1.6e-05 0.974414 0.000134 0.000108 0.000106 0.000114 0.992944 4.39999e-05 0.984046 4.19999e-05 0.99623 1.8e-05 0.994858 0.000136
2.5 0.000112 1.6e-05 0.914562 0.000134 0.000108 0.000106 0.000114 0.976144 4.39999e-05 0.951226 4.19999e-05 0.98571 1.8e-05 0.985848 0.000136
3.0 0.000112 1.6e-05 0.783134 0.000134 0.000108 0.000106 0.000114 0.918284 4.39999e-05 0.870576 4.19999e-05 0.95702 1.8e-05 0.950808 0.000136
3.5 0.000112 1.6e-05 0.518473 0.000134 0.000108 0.000106 0.000114 0.789854 4.39999e-05 0.686887 4.19999e-05 0.88958 1.8e-05 0.868688 0.000136
4.0 0.000112 1.6e-05 0.268089 0.000132 0.000108 0.000106 0.000114 0.559771 4.39999e-05 0.409921 4.19999e-05 0.713051 1.8e-05 0.669169 0.000134
5 0.000102 7.39999e-05 0.0333599 0.000162 9.79998e-05 7.79998e-05 0.000104 0.1195 4.19999e-05 0.0731799 1.8e-05 0.199346 1.6e-05 0.17088 0.000118
6 0.000102 7.39999e-05 0.00476999 0.000122 9.79998e-05 7.79998e-05 0.000104 0.01103 4.19999e-05 0.00906998 1.8e-05 0.02298 1.6e-05 0.01784 0.000118
7 0.000291999 0.000943998 0.000769998 0.000162 0.000267999 0.000208 0.000184 0.000699999 4.19999e-05 0.000979998 0.000767998 0.00228 0.000475999 0.00103 0.000517999
8 0.002072 0.00331399 0.00015 0.002392 0.00438799 0.00484799 0.00495399 5.99999e-05 0.002022 3.99999e-05 0.00289799 0.000409999 0.00274599 0 0.00256799
9 0.0279119 0.0265639 0 0.0354519 0.0423379 0.0471779 0.0374039 9.99998e-06 0.0253319 0 0.023348 0 0.020316 0 0.020968
10 0.212402 0.194622 0 0.227054 0.254787 0.267829 0.255903 0 0.184704 0 0.196668 0 0.181876 0 0.175498
11 0.704949 0.640391 0 0.688097 0.710269 0.693697 0.701737 0 0.644157 0 0.689757 0 0.673545 0 0.661233
12 0.95226 0.941358 0 0.94884 0.95403 0.94953 0.94634 0 0.93982 0 0.95215 0 0.94665 0 0.95015
13 0.99681 0.99204 0 0.99633 0.99502 0.99339 0.99527 0 0.99466 0 0.99366 0 0.99321 0 0.99563
