129
10.471	2.399	28.86
13.784	2.507	30.669
15.084	-1.049	30.801
17.018	-2.607	33.612
20.354	-4.061	32.462
19.44	-7.741	32.896
15.897	-7.144	31.72
17.19	-5.812	28.362
19.751	-8.611	28.059
16.95	-11.159	28.375
14.644	-9.348	25.943
17.592	-9.144	23.565
18.48	-12.827	23.924
14.858	-13.804	23.24
14.898	-11.778	20.044
17.947	-13.611	18.614
20.779	-11.134	19.268
23.081	-13.376	21.298
25.995	-14.177	18.996
24.127	-12.642	16.042
26.769	-12.252	13.324
29.301	-13.236	15.955
28.474	-10.481	18.428
27.934	-11.806	21.928
25.089	-10.465	24.036
27.358	-8.232	26.142
28.077	-6.15	23.028
24.445	-5.281	22.321
23.748	-4.363	25.946
26.9	-2.28	26.132
25.925	-0.403	22.952
22.398	0.16	24.201
23.823	1.45	27.502
25.865	4.11	25.844
23.574	4.868	22.936
20.382	5.414	24.883
20.952	4.72	28.575
18.496	1.816	28.149
15.66	4.228	27.253
13.428	3.35	24.311
12.266	6.943	23.953
15.748	8.447	23.374
16.055	10.768	20.343
19.055	12.786	19.186
19.342	15.194	16.28
22.385	15.057	14.004
24.077	17.996	12.316
22.888	16.937	8.869
19.29	17.047	10.122
18.793	13.32	10.476
17.628	11.974	13.842
18.654	8.952	15.908
15.843	6.905	17.492
15.353	4.496	20.332
17.274	2.025	22.434
19.952	1.612	19.735
19.763	5.138	18.244
18.972	4.123	14.72
19.53	6.86	12.118
16.749	8.23	9.838
19.4	9.003	7.194
19.311	5.356	6.121
17.083	3.177	8.192
13.654	4.558	9.024
11.186	7.111	7.748
10.478	10.167	9.867
9.156	12.406	7.114
11.683	15.096	7.915
14.956	13.82	6.441
15.018	14.869	2.759
16.81	12.45	0.449
17.102	9.685	3.021
16.529	5.973	2.712
14.131	3.797	4.627
16.081	0.546	4.543
14.332	-1.085	7.504
10.975	0.089	6.068
9.426	1.408	9.238
8.402	4.727	10.603
11.179	5.897	12.973
8.51	6.193	15.679
8.057	2.441	15.808
11.661	2.385	17.143
10.511	4.164	20.293
8.007	1.56	21.436
8.53	-0.234	24.737
8.612	-3.392	22.583
12.127	-3.594	21.216
11.183	-5.991	18.405
11.279	-3.399	15.62
14.591	-1.983	16.892
16.046	-5.459	17.029
15.016	-6.488	13.538
16.362	-3.272	12.086
19.612	-3.652	14.042
20.1	-7.149	12.598
19.901	-5.651	9.122
22.343	-2.929	10.096
24.929	-5.183	11.702
24.84	-7.322	8.512
25.529	-4.633	5.95
29.298	-5.129	5.96
30.516	-2.952	8.821
29.218	-4.902	11.799
28.684	-2.996	15.041
31.108	-0.231	13.961
27.936	1.445	12.64
27.354	2.381	16.323
29.828	5.087	17.272
29.387	4.489	21.007
29.995	0.777	20.565
33.139	1.563	18.6
34.348	4.098	21.138
33.208	2.532	24.429
32.511	-1.193	23.957
34.778	-2.576	21.257
37.822	-4.268	22.803
36.465	-4.166	26.351
35.122	-6.963	28.541
31.514	-6.805	27.337
30.576	-9.978	29.227
30.61	-7.758	32.306
27.415	-6.218	30.97
25.545	-9.48	31.487
27.191	-10.727	34.709
24.648	-11.706	37.352
21.699	-11.86	34.943
19.408	-14.855	34.68
19.249	-15.719	30.95
