pH  0           4          6           12          13         17         20         32          34         44         47         51         60         65         67         72         86          95          96          100        111        113        115         118         124        127
1   0.00349965  0.0009999  1           0.00749925  0.0139986  0.975502   0.0179982  0.00249975  1          0.009999   0.994001   0.976502   0.010499   0.941006   0.0049995  0.0189981  1           0.0039996   0.00849915  1          0.0719928  0.0309969  0.00549945  0.995       0.0159984  0.00449955
2   0.00349965  0.0009999  1           0.00749925  0.0139986  0.940906   0.0179982  0.00249975  1          0.009999   0.969503   0.969003   0.010499   0.910509   0.0049995  0.0189981  0.972503    0.0039996   0.00849915  0.927007   0.0429957  0.0309969  0.00549945  0.943006    0.0159984  0.00449955
3   0.00349965  0.0009999  0.826917    0.00749925  0.0139986  0.622538   0.0179982  0.00249975  0.905009   0.009999   0.693931   0.821518   0.010499   0.70353    0.0049995  0.0239976  0.778022    0.0039996   0.00849915  0.563944   0.029997   0.0319968  0.00549945  0.775022    0.0174983  0.00449955
4   0.00349965  0.0009999  0.40046     0.00749925  0.0144986  0.0969903  0.0179982  0.00249975  0.517948   0.0309969  0.254475   0.283972   0.010499   0.153485   0.0049995  0.0194981  0.213979    0.0039996   0.00849915  0.232477   0.0649935  0.0354965  0.00549945  0.29747     0.0129987  0.00449955
5   0.0049995   0.0019998  0.115988    0.00449955  0.0154985  0.0549945  0.0194981  0.00749925  0.0739926  0.0134987  0.0289971  0.0009999  0.0109989  0.0455954  0.0059994  0.020498   0.126487    0.00149985  0.0129987   0.0389961  0.0444956  0.0324968  0.00049995  0.0539946   0.0139986  0.049995
6   0.0049995   0.0019998  0.0039996   0.00449955  0.0154985  0.0119988  0.0189981  0.00749925  0.0079992  0.0134987  0          0.0009999  0.0109989  0          0.0059994  0.0249975  0.0029997   0.00149985  0.0129987   0.0344966  0.0279972  0.0324968  0.00049995  0.0149985   0.0139986  0.0519948
7   0.0049995   0.0019998  0.0039996   0.00449955  0.0154985  0.0119988  0.0189981  0.00749925  0.0079992  0.0134987  0          0.0009999  0.0109989  0.0029997  0.0059994  0.0249975  0.0029997   0.00149985  0.0129987   0.0344966  0.0279972  0.0324968  0.00049995  0.009999    0.0139986  0.0519948
8   0.0049995   0.0019998  0.0039996   0.00649935  0.0154985  0.0119988  0.0189981  0.00749925  0.0079992  0.0134987  0          0.0009999  0.0109989  0          0.0059994  0.0249975  0.0029997   0.00149985  0.0794921   0.0344966  0.0279972  0.0324968  0.00049995  0.009999    0.0139986  0.0519948
9   0.00949905  0.0019998  0.0039996   0.070493    0.0154985  0.0119988  0.0189981  0.00749925  0.0079992  0.0134987  0          0.0009999  0.0109989  0          0.0059994  0.0254975  0.0029997   0.118488    0.144986    0.0344966  0.0279972  0.136986   0.0564944   0.009999    0.0139986  0.0519948
10  0.178982    0.0019998  0.0039996   0.325967    0.0434957  0.0119988  0.0394961  0.115488    0.0079992  0.059994   0          0.0009999  0.0739926  0          0.0059994  0.030497   0.0029997   0.323468    0.317968    0.0344966  0.0444956  0.370463   0.428557    0.009999    0.0144986  0.0819918
11  0.676032    0.132587   0.00349965  0.636936    0.178482   0.0144986  0.0809919  0.720428    0.0344966  0.10349    0          0.0209979  0.0434957  0          0.0909909  0.135486   0.00249975  0.753025    0.716428    0.0359964  0.108989   0.79692    0.740526    0.0089991   0.143586   0.107089
12  0.984002    0.534547   0.00349965  0.917508    0.352465   0.0139986  0.360964   0.943506    0.0309969  0.485951   0          0.0124988  0.269473   0          0.428957   0.517948   0.00249975  0.953005    0.815518    0.0349965  0.415958   0.963004   0.911009    0.00849915  0.475452   0.380562
13  1           0.874513   0.0029997   0.956004    0.80092    0.020498   0.911509   1           0.0059994  0.732527   0          0.0184982  0.80252    0          0.715528   0.869013   0.0019998   1           0.9985      0.0329967  0.788521   0.963504   1           0.0079992   0.765923   0.892011
14  1           0.978502   0.0029997   0.9995      0.974003   0.0349965  1          1           0.0059994  0.996      0          0.0114989  1          0          0.980002   0.9975     0.0019998   1           0.956504    0.0319968  0.944506   1          1           0.0079992   1          1
