pH  0            4            6            12           13           17           20           32           34           44           47           51           60         65           67           72           86           95           96           100          111          113          115          118          124          127
1   6.99999e-05  2e-05        0.99943      0.00015      0.000279999  0.99618      0.000359999  4.99999e-05  0.99947      0.0002       0.99896      0.99666      0.00021    0.99782      9.99998e-05  0.000379999  0.9989       7.99998e-05  0.00017      0.99856      0.00144      0.000619999  0.00011      0.99928      0.000319999  8.99998e-05
2   6.99999e-05  2e-05        0.99432      0.00015      0.000279999  0.98454      0.000359999  4.99999e-05  0.99637      0.0002       0.98669      0.98514      0.00021    0.9829       9.99998e-05  0.000379999  0.99011      7.99998e-05  0.00017      0.985        0.00144      0.000619999  0.00011      0.98177      0.000319999  8.99998e-05
3   6.99999e-05  2e-05        0.94773      0.00015      0.000279999  0.87273      0.000359999  4.99999e-05  0.96025      0.0002       0.875598     0.90159      0.00021    0.86195      9.99998e-05  0.000379999  0.89303      7.99998e-05  0.00017      0.884938     0.000859998  0.000619999  0.00011      0.872978     0.000319999  8.99998e-05
4   6.99999e-05  2e-05        0.660281     0.00015      0.000289999  0.382741     0.000369999  4.99999e-05  0.701719     0.000639999  0.461121     0.463299     0.00021    0.409491     9.99998e-05  0.000389999  0.453241     7.99998e-05  0.00017      0.428761     0.000909998  0.000659999  0.00011      0.392801     0.00013      8.99998e-05
5   0.000369999  3.99999e-05  0.17816      8.99998e-05  0.000309999  0.0577299    0.000389999  0.00015      0.20194      0.000269999  0.0800298    0.0747599    0.00022    0.0618499    0.00012      0.000409999  0.0717819    2.99999e-05  0.000259999  0.0606599    0.000889998  0.000649999  9.99998e-06  0.0580199    0.000279999  0.00105
6   0.000369999  3.99999e-05  0.01831      8.99998e-05  0.000309999  0.00612999   0.000379999  0.000299999  0.02379      0.000269999  0.00870998   0.01436      0.00022    0.01022      0.00012      0.000499999  0.00783998   2.99999e-05  0.000259999  0.00720999   0.000559999  0.000649999  9.99998e-06  0.00691999   0.000279999  0.00104
7   0.000399999  3.99999e-05  0.000749999  8.99998e-05  0.000309999  0.00122      0.000379999  0.00015      0.00227      0.000269999  9.99998e-06  0.00136      0.00022    0.0013       0.00012      0.000499999  0.000469999  2.99999e-05  0.00215      0.00159      0.000559999  0.000649999  9.99998e-06  0.000599999  0.000279999  0.00104
8   0.00145      3.99999e-05  0.000519999  0.00333999   0.000309999  0.00024      0.000379999  0.000759998  0.000499999  0.000269999  0.00014      2e-05        0.00022    5.99999e-05  0.000399999  0.000959998  5.99999e-05  0.00147      0.00564999   0.000689999  0.000599999  0.00274999   0.00328999   0.0002       0.000279999  0.00104
9   0.02189      0.000369999  7.99998e-05  0.02475      0.000599999  0.00024      0.000769998  0.02312      0.00016      0.000749999  0            2e-05        0.00136    0            0.00145      0.000789998  5.99999e-05  0.0339499    0.0300099    0.000689999  0.00152      0.0337999    0.0301299    0.0002       0.00223      0.00205
10  0.20031      0.00690999   7.99998e-05  0.233612     0.01344      0.00024      0.00603999   0.17455      0.00016      0.00654999   0            2e-05        0.01027    0            0.01455      0.01137      5.99999e-05  0.23143      0.22328      0.000689999  0.01275      0.255309     0.23957      0.0002       0.01531      0.01387
11  0.725971     0.0847298    6.99999e-05  0.754768     0.0918618    0.000289999  0.0807398    0.679301     0.000689999  0.0753698    0            0.000419999  0.0866298  0            0.0851998    0.0947998    4.99999e-05  0.726731     0.712259     0.000719999  0.0902098    0.740781     0.725721     0.00018      0.10037      0.0975098
12  0.96334      0.460979     0.00016      0.96525      0.456801     0.000279999  0.470019     0.94901      0.000639999  0.447961     0            0.00025      0.480891   0            0.468319     0.490531     4.99999e-05  0.95987      0.96027      0.000759998  0.480931     0.96333      0.95956      0.000359999  0.487481     0.512861
13  0.9954       0.89579      5.99999e-05  0.99712      0.88794      0.000409999  0.90311      0.99572      0.00012      0.88043      0            0.000369999  0.88967    0            0.89116      0.89658      3.99999e-05  0.9958       0.99624      0.000659999  0.9013       0.99831      0.99418      0.00016      0.89107      0.89713
14  0.99976      0.98937      5.99999e-05  0.99999      0.98679      0.000699999  0.98848      0.99956      0.00012      0.98756      0            0.00023      0.98588    0            0.98292      0.98846      3.99999e-05  1            0.99833      0.000639999  0.99215      1            1            0.00016      0.98995      0.99174
