1.0 0.00012 9.99998e-06 0.9688 0.00023 9.99998e-05 8.99998e-05 0.00013 0.99537 3.99999e-05 0.9976 2.99999e-05 0.99895 2e-05 0.99965 0.00024
1.5 0.00012 9.99998e-06 0.909148 0.00023 9.99998e-05 8.99998e-05 0.00013 0.98081 3.99999e-05 0.9923 2.99999e-05 0.99595 2e-05 0.99449 0.00024
2.0 0.00012 9.99998e-06 0.754568 0.00023 9.99998e-05 8.99998e-05 0.00013 0.93796 3.99999e-05 0.9736 2.99999e-05 0.98589 2e-05 0.98348 0.00024
2.5 0.00012 9.99998e-06 0.518911 0.00023 9.99998e-05 8.99998e-05 0.00013 0.82331 3.99999e-05 0.93079 2.99999e-05 0.96641 2e-05 0.94741 0.00024
3.0 0.00012 9.99998e-06 0.285161 0.00023 9.99998e-05 8.99998e-05 0.00013 0.639299 3.99999e-05 0.8222 2.99999e-05 0.9075 2e-05 0.86729 0.00024
3.5 0.00012 9.99998e-06 0.1214 0.00023 9.99998e-05 8.99998e-05 0.00013 0.409389 3.99999e-05 0.599089 2.99999e-05 0.77607 2e-05 0.667311 0.00024
4.0 0.00012 9.99998e-06 0.0504499 0.00022 9.99998e-05 8.99998e-05 0.00013 0.175222 3.99999e-05 0.333651 2.99999e-05 0.549919 2e-05 0.410889 0.00023
4.5 0.00011 9.99998e-06 0.01318 0.00022 8.99998e-05 0.00017 0.00012 0.0727799 3.99999e-05 0.1457 2.99999e-05 0.301879 2e-05 0.19003 0.0002
5.0 0.00011 5.99999e-05 0.00361999 0.00021 8.99998e-05 7.99998e-05 0.00012 0.02074 2.99999e-05 0.0542199 2e-05 0.11491 9.99998e-06 0.0709619 0.00019
5.5 0.00011 0.0002 0.001982 0.00021 0.00021 7.99998e-05 0.00012 0.00545999 2.99999e-05 0.0202 2e-05 0.0374999 9.99998e-06 0.0239 0.00019
6.0 0.00011 0.000399999 0.000929998 0.00021 0.00021 7.99998e-05 0.00012 0.00214 2.99999e-05 0.00613999 0.000349999 0.01326 9.99998e-06 0.00691999 0.00025
6.5 0.00011 0.000329999 0.000659999 0.00025 0.00021 7.99998e-05 0.00012 0.000909998 2.99999e-05 0.00224 0.000349999 0.00411999 9.99998e-06 0.00164 0.00025
7 0.00011 0.00223 0.00023 0.00021 0.000679999 0.00016 0.00022 0.000359999 0.0002 0.000639999 0.000369999 0.000889998 0.000469999 0.00019 0.000529999
8 0.00196 0.00613999 0 0.00232 0.00616999 0.00424999 0.00584999 9.99998e-06 0.00478999 0 0.00335999 4.99999e-05 0.0017 0 0.00247
9 0.0259099 0.0506199 0 0.0456499 0.0589499 0.0328799 0.0462399 0 0.0354899 0 0.0259699 0 0.01908 0 0.02129
