pH  0           4         6           12          13        17         20         32          34         44         47         51         60         65         67         72        86          95          96        100        111       113       115         118         124        127
1   0.00349965  0.114489  0.857514    0.00749925  0.137986  0.832017   0.118988   0.00249975  0.885511   0.0329967  0.855014   0.867513   0.010499   0.842016   0.0049995  0.113989  0.869513    0.0039996   0.125987  0.888511   0.177482  0.157484  0.00549945  0.865513    0.0129987  0.0894911
2   0.00349965  0.114489  0.858014    0.00749925  0.137986  0.772023   0.118988   0.00249975  0.885511   0.0329967  0.839016   0.868013   0.010499   0.747525   0.0049995  0.113489  0.771023    0.0039996   0.125987  0.808519   0.162484  0.164984  0.00549945  0.851015    0.0129987  0.0894911
3   0.00349965  0.114489  0.648035    0.00749925  0.137986  0.450055   0.127487   0.00249975  0.846015   0.0329967  0.733527   0.826517   0.010499   0.641036   0.0049995  0.112989  0.735426    0.0039996   0.125987  0.582042   0.162484  0.164984  0.00549945  0.606039    0.0129987  0.0949905
4   0.00349965  0.125987  0.276472    0.00749925  0.141986  0.117988   0.127487   0.00249975  0.526547   0.0319968  0.337066   0.391461   0.010499   0.281072   0.0049995  0.114489  0.235476    0.0039996   0.125487  0.186981   0.174983  0.154485  0.00549945  0.213079    0.0129987  0.0949905
5   0.0049995   0.125987  0.0394961   0.00449955  0.079992  0.040496   0.141986   0.00749925  0.161584   0.0134987  0.0674933  0.069993   0.0109989  0.0679932  0.0059994  0.119988  0.0974903   0.00149985  0.137486  0.0579942  0.173983  0.153985  0.00049995  0.0439956   0.0139986  0.139986
6   0.0049995   0.125487  0.0039996   0.00449955  0.141486  0.0119988  0.145985   0.00749925  0.0079992  0.0134987  0          0.0009999  0.0109989  0          0.0059994  0.130487  0.0029997   0.00149985  0.130487  0.0349965  0.173983  0.153985  0.00049995  0.009999    0.0139986  0.149485
7   0.0049995   0.126487  0.0039996   0.00449955  0.142486  0.0119988  0.146985   0.00749925  0.0079992  0.0134987  0          0.0009999  0.0109989  0          0.0059994  0.149485  0.0029997   0.00149985  0.127487  0.0364964  0.174483  0.154485  0.00049995  0.009999    0.0139986  0.137486
8   0.0049995   0.125987  0.0039996   0.0149985   0.144486  0.0119988  0.135986   0.00749925  0.0079992  0.0314969  0          0.0009999  0.0109989  0.0029997  0.0059994  0.156484  0.0029997   0.00149985  0.193481  0.0359964  0.172983  0.152985  0.00049995  0.009999    0.0134987  0.168483
9   0.0124988   0.138486  0.0039996   0.059994    0.149985  0.0119988  0.10249    0.0419958   0.0079992  0.0309969  0          0.0009999  0.0109989  0          0.0059994  0.151485  0.0029997   0.0854915   0.211979  0.0354965  0.172983  0.218478  0.029997    0.009999    0.0134987  0.147985
10  0.179482    0.137986  0.0039996   0.289971    0.165983  0.0114989  0.150985   0.150085    0.0334967  0.090491   0          0.0009999  0.0519948  0          0.0059994  0.152985  0.0029997   0.246975    0.421458  0.0364964  0.184482  0.512049  0.39656     0.00949905  0.0134987  0.214479
11  0.574043    0.123088  0.00349965  0.726527    0.205979  0.0109989  0.0880912  0.639436    0.0339966  0.0574943  0          0.019998   0.110489   0          0.105989   0.292971  0.00249975  0.732027    0.624438  0.0369963  0.224978  0.889011  0.59704     0.0089991   0.338566   0.224978
12  0.868513    0.225577  0.00349965  0.810519    0.462954  0.0139986  0.328967   0.941006    0.030497   0.344566   0          0.0124988  0.228477   0          0.50155    0.561444  0.00249975  0.884512    0.834017  0.0329967  0.411459  0.982002  0.987501    0.00849915  0.457054   0.561044
13  0.875012    0.752525  0.0029997   0.857014    0.770523  0.0134987  0.712429   1           0.0059994  0.666533   0          0.0119988  0.662534   0          0.657934   0.867013  0.0019998   1           0.876012  0.0344966  0.716028  1         1           0.0079992   0.714029   0.863014
14  0.856514    0.853015  0.0029997   0.9995      0.850015  0.0134987  0.883012   1           0.0059994  0.878512   0          0.0119988  0.785021   0          0.852015   1         0.0019998   1           0.842516  0.0344966  0.813519  1         1           0.0079992   0.820518   1
