2     1.000000     0
8     -1.000000     0
17     1.000000     0
19     -1.000000     0
29     1.000000     0
2     1.000000     25
8     -1.000000     25
17     -1.000000     25
19     -1.000000     25
29     1.000000     25
2     1.000000     375
8     -1.000000     375
17     -1.000000     375
19     1.000000     375
29     1.000000     375
2     1.000000     395
8     -1.000000     395
17     -1.000000     395
19     -1.000000     395
29     1.000000     395
2     1.000000     440
8     -1.000000     440
17     -1.000000     440
19     1.000000     440
29     1.000000     440
2     -1.000000     465
8     -1.000000     465
17     -1.000000     465
19     1.000000     465
29     1.000000     465
2     -1.000000     485
8     -1.000000     485
17     1.000000     485
19     1.000000     485
29     1.000000     485
2     -1.000000     630
8     -1.000000     630
17     1.000000     630
19     -1.000000     630
29     1.000000     630
