pH 3 9 12 14 18 21 26 27 30 35 39 41 45 46 49 55
1 0.000449999 0.000319999 8.99998e-05 0.99857 0.99969 0.99737 0.99923 0 0.0002 0.99697 0.9973 0.99889 0.99683 0.99806 0.00014 0.99963
2 0.000449999 0.000319999 8.99998e-05 0.98692 0.9956 0.98552 0.975908 0 0.0002 0.98038 0.97423 0.99579 0.97715 0.97397 0.00014 0.992768
3 0.000349999 0.000319999 8.99998e-05 0.91392 0.94778 0.84216 0.85485 0 0.0002 0.8329 0.83043 0.95319 0.82215 0.82918 0.00014 0.930548
4 0.000369999 0.000319999 9.99998e-05 0.541269 0.698601 0.442879 0.505469 0 0.00021 0.415219 0.428619 0.748001 0.431531 0.447139 0.00015 0.639819
5 0.000509999 3.99999e-05 9.99998e-05 0.13119 0.2325 0.0995498 0.12576 0 0.00015 0.0851898 0.1041 0.338659 0.10325 0.11953 0.00019 0.20721
6 0.000499999 3.99999e-05 9.99998e-05 0.01942 0.0294699 0.01004 0.01992 0 0.00015 0.01053 0.01637 0.0520699 0.01535 0.0148 0.00019 0.0342199
7 0.000969998 3.99999e-05 9.99998e-05 0.00208 0.00259999 0.00239 0.00158 0 0.000309999 0.0014 0.00270999 0.00637999 0.00182 0.00157 0.00019 0.00257999
8 0.00196 0.00146 0.00215 2.99999e-05 0.00111 0.000279999 9.99998e-05 0.000609999 0.00113 0.00012 0.00018 0.00133 0.000459999 0.000269999 0.000439999 0.00012
9 0.01103 0.01104 0.01662 2.99999e-05 0.000579999 0.000279999 9.99998e-06 0.01038 0.01013 2e-05 5.99999e-05 0.00011 6.99999e-05 0.000269999 0.00642999 9.99998e-05
