1   	LYS 	1.00000	0.00000	10.60000	-0.36310	0.01268	3.90605	5.58668
5   	ARG 	1.00000	0.00000	12.00000	-0.74375	0.54079	4.32394	9.47742
7   	GLU 	1.00000	2.60000	4.50000	-0.90714	0.51627	3.18067	8.15595
13  	LYS 	1.00000	0.00000	10.60000	-0.99702	0.64905	4.02219	10.06605
14  	ARG 	1.00000	0.00000	12.00000	-1.01052	0.16855	2.92773	6.18373
15  	HIS 	1.00000	5.50000	6.30000	-1.03830	0.90600	4.53788	7.96350
18  	ASP 	1.00000	2.80000	4.00000	-1.07601	0.18160	5.50491	7.18588
21  	ARG 	1.00000	0.00000	12.00000	-0.58662	-0.30591	5.13714	3.21848
33  	LYS 	1.00000	0.00000	10.60000	-0.79987	0.90193	4.33453	11.73972
35  	GLU 	1.00000	6.10000	4.50000	-0.89062	1.27290	4.71580	12.73449
45  	ARG 	1.00000	0.00000	12.00000	-0.34068	-0.41337	5.73162	0.24419
48  	ASP 	1.00000	1.40000	4.00000	-0.53383	-0.30530	5.18037	0.95692
52  	ASP 	1.00000	3.60000	4.00000	-0.71528	-0.05285	9.46120	5.60269
61  	ARG 	1.00000	0.00000	12.00000	-0.55941	-0.30674	8.06235	3.79916
66  	ASP 	1.00000	1.20000	4.00000	-0.77089	-0.24584	9.85725	3.30986
68  	ARG 	1.00000	0.00000	12.00000	-0.34359	-0.39896	5.57437	0.91299
73  	ARG 	1.00000	0.00000	12.00000	-0.49732	-0.21052	4.24007	3.42934
87  	ASP 	1.00000	2.20000	4.00000	-0.60912	0.01381	3.95495	5.07113
96  	LYS 	1.00000	0.00000	10.60000	-0.98587	0.01602	5.71750	6.78145
97  	LYS 	1.00000	0.00000	10.60000	-0.81003	0.11459	6.29470	7.54089
101 	ASP 	1.00000	4.50000	4.00000	-0.83559	0.02323	4.39313	5.54403
112 	ARG 	1.00000	0.00000	12.00000	-0.81076	0.10308	4.25899	6.85975
114 	ARG 	1.00000	0.00000	12.00000	-0.74202	-0.05767	4.64275	5.89998
116 	LYS 	1.00000	0.00000	10.60000	-0.81229	-0.17472	5.63703	4.83854
119 	ASP 	1.00000	3.50000	4.00000	-0.56212	-0.04840	3.02875	3.00046
125 	ARG 	1.00000	0.00000	12.00000	-0.48724	0.00231	3.16103	4.76895
128 	ARG 	1.00000	0.00000	12.00000	-0.48875	-0.00509	2.31188	3.36834
1   	LYS 	2.00000	0.00000	10.60000	-0.36057	0.01268	3.90605	5.58668
5   	ARG 	2.00000	0.00000	12.00000	-0.74166	0.54079	4.32394	9.47742
7   	GLU 	2.00000	2.60000	4.50000	-0.90563	0.51627	3.18067	8.15595
13  	LYS 	2.00000	0.00000	10.60000	-0.99258	0.64905	4.02219	10.06605
14  	ARG 	2.00000	0.00000	12.00000	-1.00802	0.16855	2.92773	6.18373
15  	HIS 	2.00000	5.50000	6.30000	-1.03530	0.90600	4.53788	7.96350
18  	ASP 	2.00000	2.80000	4.00000	-1.07494	0.18160	5.50491	7.18588
21  	ARG 	2.00000	0.00000	12.00000	-0.58439	-0.30591	5.13714	3.21848
33  	LYS 	2.00000	0.00000	10.60000	-0.79742	0.90193	4.33453	11.73972
35  	GLU 	2.00000	6.10000	4.50000	-0.88753	1.27290	4.71580	12.73449
45  	ARG 	2.00000	0.00000	12.00000	-0.33678	-0.41337	5.73162	0.24419
48  	ASP 	2.00000	1.40000	4.00000	-0.53209	-0.30530	5.18037	0.95692
52  	ASP 	2.00000	3.60000	4.00000	-0.71239	-0.05285	9.46120	5.60269
61  	ARG 	2.00000	0.00000	12.00000	-0.55500	-0.30674	8.06235	3.79916
66  	ASP 	2.00000	1.20000	4.00000	-0.76887	-0.24584	9.85725	3.30986
68  	ARG 	2.00000	0.00000	12.00000	-0.33910	-0.39896	5.57437	0.91299
73  	ARG 	2.00000	0.00000	12.00000	-0.49461	-0.21052	4.24007	3.42934
87  	ASP 	2.00000	2.20000	4.00000	-0.60798	0.01381	3.95495	5.07113
96  	LYS 	2.00000	0.00000	10.60000	-0.98302	0.01602	5.71750	6.78145
97  	LYS 	2.00000	0.00000	10.60000	-0.80608	0.11459	6.29470	7.54089
101 	ASP 	2.00000	4.50000	4.00000	-0.83449	0.02323	4.39313	5.54403
112 	ARG 	2.00000	0.00000	12.00000	-0.80891	0.10308	4.25899	6.85975
114 	ARG 	2.00000	0.00000	12.00000	-0.74005	-0.05767	4.64275	5.89998
116 	LYS 	2.00000	0.00000	10.60000	-0.81048	-0.17472	5.63703	4.83854
119 	ASP 	2.00000	3.50000	4.00000	-0.56145	-0.04840	3.02875	3.00046
125 	ARG 	2.00000	0.00000	12.00000	-0.48518	0.00231	3.16103	4.76895
128 	ARG 	2.00000	0.00000	12.00000	-0.48743	-0.00509	2.31188	3.36834
1   	LYS 	3.00000	0.00000	10.60000	-0.33725	0.01268	3.90605	5.58668
5   	ARG 	3.00000	0.00000	12.00000	-0.72218	0.54079	4.32394	9.47742
7   	GLU 	3.00000	2.60000	4.50000	-0.89181	0.51627	3.18067	8.15595
13  	LYS 	3.00000	0.00000	10.60000	-0.95194	0.64905	4.02219	10.06605
14  	ARG 	3.00000	0.00000	12.00000	-0.98509	0.16855	2.92773	6.18373
15  	HIS 	3.00000	5.50000	6.30000	-1.00779	0.90600	4.53788	7.96350
18  	ASP 	3.00000	2.80000	4.00000	-1.06510	0.18160	5.50491	7.18588
21  	ARG 	3.00000	0.00000	12.00000	-0.56396	-0.30591	5.13714	3.21848
33  	LYS 	3.00000	0.00000	10.60000	-0.77460	0.90193	4.33453	11.73972
35  	GLU 	3.00000	6.10000	4.50000	-0.85939	1.27290	4.71580	12.73449
45  	ARG 	3.00000	0.00000	12.00000	-0.30121	-0.41337	5.73162	0.24419
48  	ASP 	3.00000	1.40000	4.00000	-0.51628	-0.30530	5.18037	0.95692
52  	ASP 	3.00000	3.60000	4.00000	-0.68574	-0.05285	9.46120	5.60269
61  	ARG 	3.00000	0.00000	12.00000	-0.51475	-0.30674	8.06235	3.79916
66  	ASP 	3.00000	1.20000	4.00000	-0.75046	-0.24584	9.85725	3.30986
68  	ARG 	3.00000	0.00000	12.00000	-0.29823	-0.39896	5.57437	0.91299
73  	ARG 	3.00000	0.00000	12.00000	-0.46993	-0.21052	4.24007	3.42934
87  	ASP 	3.00000	2.20000	4.00000	-0.59739	0.01381	3.95495	5.07113
96  	LYS 	3.00000	0.00000	10.60000	-0.95704	0.01602	5.71750	6.78145
97  	LYS 	3.00000	0.00000	10.60000	-0.76998	0.11459	6.29470	7.54089
101 	ASP 	3.00000	4.50000	4.00000	-0.82438	0.02323	4.39313	5.54403
112 	ARG 	3.00000	0.00000	12.00000	-0.79187	0.10308	4.25899	6.85975
114 	ARG 	3.00000	0.00000	12.00000	-0.72194	-0.05767	4.64275	5.89998
116 	LYS 	3.00000	0.00000	10.60000	-0.79387	-0.17472	5.63703	4.83854
119 	ASP 	3.00000	3.50000	4.00000	-0.55527	-0.04840	3.02875	3.00046
125 	ARG 	3.00000	0.00000	12.00000	-0.46633	0.00231	3.16103	4.76895
128 	ARG 	3.00000	0.00000	12.00000	-0.47521	-0.00509	2.31188	3.36834
1   	LYS 	4.00000	0.00000	10.60000	-0.20786	0.01268	3.90605	5.58668
5   	ARG 	4.00000	0.00000	12.00000	-0.60540	0.54079	4.32394	9.47742
7   	GLU 	4.00000	2.60000	4.50000	-0.81940	0.51627	3.18067	8.15595
13  	LYS 	4.00000	0.00000	10.60000	-0.73792	0.64905	4.02219	10.06605
14  	ARG 	4.00000	0.00000	12.00000	-0.86080	0.16855	2.92773	6.18373
15  	HIS 	4.00000	5.50000	6.30000	-0.86198	0.90600	4.53788	7.96350
18  	ASP 	4.00000	2.80000	4.00000	-1.01027	0.18160	5.50491	7.18588
21  	ARG 	4.00000	0.00000	12.00000	-0.45798	-0.30591	5.13714	3.21848
33  	LYS 	4.00000	0.00000	10.60000	-0.64084	0.90193	4.33453	11.73972
35  	GLU 	4.00000	6.10000	4.50000	-0.71475	1.27290	4.71580	12.73449
45  	ARG 	4.00000	0.00000	12.00000	-0.11787	-0.41337	5.73162	0.24419
48  	ASP 	4.00000	1.40000	4.00000	-0.43415	-0.30530	5.18037	0.95692
52  	ASP 	4.00000	3.60000	4.00000	-0.53809	-0.05285	9.46120	5.60269
61  	ARG 	4.00000	0.00000	12.00000	-0.30865	-0.30674	8.06235	3.79916
66  	ASP 	4.00000	1.20000	4.00000	-0.65487	-0.24584	9.85725	3.30986
68  	ARG 	4.00000	0.00000	12.00000	-0.09033	-0.39896	5.57437	0.91299
73  	ARG 	4.00000	0.00000	12.00000	-0.34363	-0.21052	4.24007	3.42934
87  	ASP 	4.00000	2.20000	4.00000	-0.53691	0.01381	3.95495	5.07113
96  	LYS 	4.00000	0.00000	10.60000	-0.82131	0.01602	5.71750	6.78145
97  	LYS 	4.00000	0.00000	10.60000	-0.58427	0.11459	6.29470	7.54089
101 	ASP 	4.00000	4.50000	4.00000	-0.77098	0.02323	4.39313	5.54403
112 	ARG 	4.00000	0.00000	12.00000	-0.69879	0.10308	4.25899	6.85975
114 	ARG 	4.00000	0.00000	12.00000	-0.62028	-0.05767	4.64275	5.89998
116 	LYS 	4.00000	0.00000	10.60000	-0.70499	-0.17472	5.63703	4.83854
119 	ASP 	4.00000	3.50000	4.00000	-0.52099	-0.04840	3.02875	3.00046
125 	ARG 	4.00000	0.00000	12.00000	-0.36624	0.00231	3.16103	4.76895
128 	ARG 	4.00000	0.00000	12.00000	-0.40445	-0.00509	2.31188	3.36834
1   	LYS 	5.00000	0.00000	10.60000	-0.02633	0.01268	3.90605	5.58668
5   	ARG 	5.00000	0.00000	12.00000	-0.40696	0.54079	4.32394	9.47742
7   	GLU 	5.00000	2.60000	4.50000	-0.73383	0.51627	3.18067	8.15595
13  	LYS 	5.00000	0.00000	10.60000	-0.47968	0.64905	4.02219	10.06605
14  	ARG 	5.00000	0.00000	12.00000	-0.68963	0.16855	2.92773	6.18373
15  	HIS 	5.00000	5.50000	6.30000	-0.68589	0.90600	4.53788	7.96350
18  	ASP 	5.00000	2.80000	4.00000	-0.92945	0.18160	5.50491	7.18588
21  	ARG 	5.00000	0.00000	12.00000	-0.33799	-0.30591	5.13714	3.21848
33  	LYS 	5.00000	0.00000	10.60000	-0.42498	0.90193	4.33453	11.73972
35  	GLU 	5.00000	6.10000	4.50000	-0.55806	1.27290	4.71580	12.73449
45  	ARG 	5.00000	0.00000	12.00000	0.08210	-0.41337	5.73162	0.24419
48  	ASP 	5.00000	1.40000	4.00000	-0.34194	-0.30530	5.18037	0.95692
52  	ASP 	5.00000	3.60000	4.00000	-0.33244	-0.05285	9.46120	5.60269
61  	ARG 	5.00000	0.00000	12.00000	-0.08975	-0.30674	8.06235	3.79916
66  	ASP 	5.00000	1.20000	4.00000	-0.54741	-0.24584	9.85725	3.30986
68  	ARG 	5.00000	0.00000	12.00000	0.12439	-0.39896	5.57437	0.91299
73  	ARG 	5.00000	0.00000	12.00000	-0.20969	-0.21052	4.24007	3.42934
87  	ASP 	5.00000	2.20000	4.00000	-0.44258	0.01381	3.95495	5.07113
96  	LYS 	5.00000	0.00000	10.60000	-0.66164	0.01602	5.71750	6.78145
97  	LYS 	5.00000	0.00000	10.60000	-0.38169	0.11459	6.29470	7.54089
101 	ASP 	5.00000	4.50000	4.00000	-0.70639	0.02323	4.39313	5.54403
112 	ARG 	5.00000	0.00000	12.00000	-0.57450	0.10308	4.25899	6.85975
114 	ARG 	5.00000	0.00000	12.00000	-0.47360	-0.05767	4.64275	5.89998
116 	LYS 	5.00000	0.00000	10.60000	-0.59391	-0.17472	5.63703	4.83854
119 	ASP 	5.00000	3.50000	4.00000	-0.47289	-0.04840	3.02875	3.00046
125 	ARG 	5.00000	0.00000	12.00000	-0.24414	0.00231	3.16103	4.76895
128 	ARG 	5.00000	0.00000	12.00000	-0.29307	-0.00509	2.31188	3.36834
1   	LYS 	6.00000	0.00000	10.60000	0.03851	0.01268	3.90605	5.58668
5   	ARG 	6.00000	0.00000	12.00000	-0.32987	0.54079	4.32394	9.47742
7   	GLU 	6.00000	2.60000	4.50000	-0.69556	0.51627	3.18067	8.15595
13  	LYS 	6.00000	0.00000	10.60000	-0.36152	0.64905	4.02219	10.06605
14  	ARG 	6.00000	0.00000	12.00000	-0.55134	0.16855	2.92773	6.18373
15  	HIS 	6.00000	5.50000	6.30000	-0.64059	0.90600	4.53788	7.96350
18  	ASP 	6.00000	2.80000	4.00000	-0.87186	0.18160	5.50491	7.18588
21  	ARG 	6.00000	0.00000	12.00000	-0.29542	-0.30591	5.13714	3.21848
33  	LYS 	6.00000	0.00000	10.60000	-0.34534	0.90193	4.33453	11.73972
35  	GLU 	6.00000	6.10000	4.50000	-0.51380	1.27290	4.71580	12.73449
45  	ARG 	6.00000	0.00000	12.00000	0.12937	-0.41337	5.73162	0.24419
48  	ASP 	6.00000	1.40000	4.00000	-0.31889	-0.30530	5.18037	0.95692
52  	ASP 	6.00000	3.60000	4.00000	-0.26665	-0.05285	9.46120	5.60269
61  	ARG 	6.00000	0.00000	12.00000	-0.03924	-0.30674	8.06235	3.79916
66  	ASP 	6.00000	1.20000	4.00000	-0.51865	-0.24584	9.85725	3.30986
68  	ARG 	6.00000	0.00000	12.00000	0.17087	-0.39896	5.57437	0.91299
73  	ARG 	6.00000	0.00000	12.00000	-0.17730	-0.21052	4.24007	3.42934
87  	ASP 	6.00000	2.20000	4.00000	-0.38420	0.01381	3.95495	5.07113
96  	LYS 	6.00000	0.00000	10.60000	-0.58310	0.01602	5.71750	6.78145
97  	LYS 	6.00000	0.00000	10.60000	-0.31888	0.11459	6.29470	7.54089
101 	ASP 	6.00000	4.50000	4.00000	-0.68257	0.02323	4.39313	5.54403
112 	ARG 	6.00000	0.00000	12.00000	-0.53533	0.10308	4.25899	6.85975
114 	ARG 	6.00000	0.00000	12.00000	-0.42529	-0.05767	4.64275	5.89998
116 	LYS 	6.00000	0.00000	10.60000	-0.56041	-0.17472	5.63703	4.83854
119 	ASP 	6.00000	3.50000	4.00000	-0.45520	-0.04840	3.02875	3.00046
125 	ARG 	6.00000	0.00000	12.00000	-0.20713	0.00231	3.16103	4.76895
128 	ARG 	6.00000	0.00000	12.00000	-0.24727	-0.00509	2.31188	3.36834
1   	LYS 	7.00000	0.00000	10.60000	0.06575	0.01268	3.90605	5.58668
5   	ARG 	7.00000	0.00000	12.00000	-0.30306	0.54079	4.32394	9.47742
7   	GLU 	7.00000	2.60000	4.50000	-0.66141	0.51627	3.18067	8.15595
13  	LYS 	7.00000	0.00000	10.60000	-0.25625	0.64905	4.02219	10.06605
14  	ARG 	7.00000	0.00000	12.00000	-0.37927	0.16855	2.92773	6.18373
15  	HIS 	7.00000	5.50000	6.30000	-0.63505	0.90600	4.53788	7.96350
18  	ASP 	7.00000	2.80000	4.00000	-0.80732	0.18160	5.50491	7.18588
21  	ARG 	7.00000	0.00000	12.00000	-0.26575	-0.30591	5.13714	3.21848
33  	LYS 	7.00000	0.00000	10.60000	-0.32010	0.90193	4.33453	11.73972
35  	GLU 	7.00000	6.10000	4.50000	-0.49264	1.27290	4.71580	12.73449
45  	ARG 	7.00000	0.00000	12.00000	0.13827	-0.41337	5.73162	0.24419
48  	ASP 	7.00000	1.40000	4.00000	-0.31387	-0.30530	5.18037	0.95692
52  	ASP 	7.00000	3.60000	4.00000	-0.24953	-0.05285	9.46120	5.60269
61  	ARG 	7.00000	0.00000	12.00000	-0.02860	-0.30674	8.06235	3.79916
66  	ASP 	7.00000	1.20000	4.00000	-0.50928	-0.24584	9.85725	3.30986
68  	ARG 	7.00000	0.00000	12.00000	0.17897	-0.39896	5.57437	0.91299
73  	ARG 	7.00000	0.00000	12.00000	-0.16789	-0.21052	4.24007	3.42934
87  	ASP 	7.00000	2.20000	4.00000	-0.32764	0.01381	3.95495	5.07113
96  	LYS 	7.00000	0.00000	10.60000	-0.50563	0.01602	5.71750	6.78145
97  	LYS 	7.00000	0.00000	10.60000	-0.28179	0.11459	6.29470	7.54089
101 	ASP 	7.00000	4.50000	4.00000	-0.66701	0.02323	4.39313	5.54403
112 	ARG 	7.00000	0.00000	12.00000	-0.52375	0.10308	4.25899	6.85975
114 	ARG 	7.00000	0.00000	12.00000	-0.41261	-0.05767	4.64275	5.89998
116 	LYS 	7.00000	0.00000	10.60000	-0.54958	-0.17472	5.63703	4.83854
119 	ASP 	7.00000	3.50000	4.00000	-0.44701	-0.04840	3.02875	3.00046
125 	ARG 	7.00000	0.00000	12.00000	-0.19342	0.00231	3.16103	4.76895
128 	ARG 	7.00000	0.00000	12.00000	-0.22435	-0.00509	2.31188	3.36834
1   	LYS 	8.00000	0.00000	10.60000	0.07276	0.01268	3.90605	5.58668
5   	ARG 	8.00000	0.00000	12.00000	-0.29597	0.54079	4.32394	9.47742
7   	GLU 	8.00000	2.60000	4.50000	-0.65109	0.51627	3.18067	8.15595
13  	LYS 	8.00000	0.00000	10.60000	-0.22633	0.64905	4.02219	10.06605
14  	ARG 	8.00000	0.00000	12.00000	-0.32869	0.16855	2.92773	6.18373
15  	HIS 	8.00000	5.50000	6.30000	-0.63334	0.90600	4.53788	7.96350
18  	ASP 	8.00000	2.80000	4.00000	-0.78768	0.18160	5.50491	7.18588
21  	ARG 	8.00000	0.00000	12.00000	-0.25683	-0.30591	5.13714	3.21848
33  	LYS 	8.00000	0.00000	10.60000	-0.31393	0.90193	4.33453	11.73972
35  	GLU 	8.00000	6.10000	4.50000	-0.48628	1.27290	4.71580	12.73449
45  	ARG 	8.00000	0.00000	12.00000	0.14006	-0.41337	5.73162	0.24419
48  	ASP 	8.00000	1.40000	4.00000	-0.31271	-0.30530	5.18037	0.95692
52  	ASP 	8.00000	3.60000	4.00000	-0.24550	-0.05285	9.46120	5.60269
61  	ARG 	8.00000	0.00000	12.00000	-0.02623	-0.30674	8.06235	3.79916
66  	ASP 	8.00000	1.20000	4.00000	-0.50683	-0.24584	9.85725	3.30986
68  	ARG 	8.00000	0.00000	12.00000	0.18051	-0.39896	5.57437	0.91299
73  	ARG 	8.00000	0.00000	12.00000	-0.16540	-0.21052	4.24007	3.42934
87  	ASP 	8.00000	2.20000	4.00000	-0.31105	0.01381	3.95495	5.07113
96  	LYS 	8.00000	0.00000	10.60000	-0.48266	0.01602	5.71750	6.78145
97  	LYS 	8.00000	0.00000	10.60000	-0.27095	0.11459	6.29470	7.54089
101 	ASP 	8.00000	4.50000	4.00000	-0.66179	0.02323	4.39313	5.54403
112 	ARG 	8.00000	0.00000	12.00000	-0.52009	0.10308	4.25899	6.85975
114 	ARG 	8.00000	0.00000	12.00000	-0.40903	-0.05767	4.64275	5.89998
116 	LYS 	8.00000	0.00000	10.60000	-0.54675	-0.17472	5.63703	4.83854
119 	ASP 	8.00000	3.50000	4.00000	-0.44448	-0.04840	3.02875	3.00046
125 	ARG 	8.00000	0.00000	12.00000	-0.18972	0.00231	3.16103	4.76895
128 	ARG 	8.00000	0.00000	12.00000	-0.21804	-0.00509	2.31188	3.36834
1   	LYS 	9.00000	0.00000	10.60000	0.07629	0.01268	3.90605	5.58668
5   	ARG 	9.00000	0.00000	12.00000	-0.28691	0.54079	4.32394	9.47742
7   	GLU 	9.00000	2.60000	4.50000	-0.64236	0.51627	3.18067	8.15595
13  	LYS 	9.00000	0.00000	10.60000	-0.21856	0.64905	4.02219	10.06605
14  	ARG 	9.00000	0.00000	12.00000	-0.31226	0.16855	2.92773	6.18373
15  	HIS 	9.00000	5.50000	6.30000	-0.62192	0.90600	4.53788	7.96350
18  	ASP 	9.00000	2.80000	4.00000	-0.77325	0.18160	5.50491	7.18588
21  	ARG 	9.00000	0.00000	12.00000	-0.24768	-0.30591	5.13714	3.21848
33  	LYS 	9.00000	0.00000	10.60000	-0.30863	0.90193	4.33453	11.73972
35  	GLU 	9.00000	6.10000	4.50000	-0.47654	1.27290	4.71580	12.73449
45  	ARG 	9.00000	0.00000	12.00000	0.14207	-0.41337	5.73162	0.24419
48  	ASP 	9.00000	1.40000	4.00000	-0.31095	-0.30530	5.18037	0.95692
52  	ASP 	9.00000	3.60000	4.00000	-0.24078	-0.05285	9.46120	5.60269
61  	ARG 	9.00000	0.00000	12.00000	-0.02319	-0.30674	8.06235	3.79916
66  	ASP 	9.00000	1.20000	4.00000	-0.50390	-0.24584	9.85725	3.30986
68  	ARG 	9.00000	0.00000	12.00000	0.18203	-0.39896	5.57437	0.91299
73  	ARG 	9.00000	0.00000	12.00000	-0.16165	-0.21052	4.24007	3.42934
87  	ASP 	9.00000	2.20000	4.00000	-0.30261	0.01381	3.95495	5.07113
96  	LYS 	9.00000	0.00000	10.60000	-0.46960	0.01602	5.71750	6.78145
97  	LYS 	9.00000	0.00000	10.60000	-0.26042	0.11459	6.29470	7.54089
101 	ASP 	9.00000	4.50000	4.00000	-0.65110	0.02323	4.39313	5.54403
112 	ARG 	9.00000	0.00000	12.00000	-0.50900	0.10308	4.25899	6.85975
114 	ARG 	9.00000	0.00000	12.00000	-0.39958	-0.05767	4.64275	5.89998
116 	LYS 	9.00000	0.00000	10.60000	-0.54312	-0.17472	5.63703	4.83854
119 	ASP 	9.00000	3.50000	4.00000	-0.43963	-0.04840	3.02875	3.00046
125 	ARG 	9.00000	0.00000	12.00000	-0.18536	0.00231	3.16103	4.76895
128 	ARG 	9.00000	0.00000	12.00000	-0.21306	-0.00509	2.31188	3.36834
1   	LYS 	10.00000	0.00000	10.60000	0.09864	0.01268	3.90605	5.58668
5   	ARG 	10.00000	0.00000	12.00000	-0.21950	0.54079	4.32394	9.47742
7   	GLU 	10.00000	2.60000	4.50000	-0.58058	0.51627	3.18067	8.15595
13  	LYS 	10.00000	0.00000	10.60000	-0.18304	0.64905	4.02219	10.06605
14  	ARG 	10.00000	0.00000	12.00000	-0.22700	0.16855	2.92773	6.18373
15  	HIS 	10.00000	5.50000	6.30000	-0.52995	0.90600	4.53788	7.96350
18  	ASP 	10.00000	2.80000	4.00000	-0.67426	0.18160	5.50491	7.18588
21  	ARG 	10.00000	0.00000	12.00000	-0.18160	-0.30591	5.13714	3.21848
33  	LYS 	10.00000	0.00000	10.60000	-0.27045	0.90193	4.33453	11.73972
35  	GLU 	10.00000	6.10000	4.50000	-0.40280	1.27290	4.71580	12.73449
45  	ARG 	10.00000	0.00000	12.00000	0.15717	-0.41337	5.73162	0.24419
48  	ASP 	10.00000	1.40000	4.00000	-0.29692	-0.30530	5.18037	0.95692
52  	ASP 	10.00000	3.60000	4.00000	-0.20533	-0.05285	9.46120	5.60269
61  	ARG 	10.00000	0.00000	12.00000	0.00010	-0.30674	8.06235	3.79916
66  	ASP 	10.00000	1.20000	4.00000	-0.48132	-0.24584	9.85725	3.30986
68  	ARG 	10.00000	0.00000	12.00000	0.19345	-0.39896	5.57437	0.91299
73  	ARG 	10.00000	0.00000	12.00000	-0.13296	-0.21052	4.24007	3.42934
87  	ASP 	10.00000	2.20000	4.00000	-0.24963	0.01381	3.95495	5.07113
96  	LYS 	10.00000	0.00000	10.60000	-0.38494	0.01602	5.71750	6.78145
97  	LYS 	10.00000	0.00000	10.60000	-0.18476	0.11459	6.29470	7.54089
101 	ASP 	10.00000	4.50000	4.00000	-0.56876	0.02323	4.39313	5.54403
112 	ARG 	10.00000	0.00000	12.00000	-0.42196	0.10308	4.25899	6.85975
114 	ARG 	10.00000	0.00000	12.00000	-0.32570	-0.05767	4.64275	5.89998
116 	LYS 	10.00000	0.00000	10.60000	-0.51519	-0.17472	5.63703	4.83854
119 	ASP 	10.00000	3.50000	4.00000	-0.40216	-0.04840	3.02875	3.00046
125 	ARG 	10.00000	0.00000	12.00000	-0.15298	0.00231	3.16103	4.76895
128 	ARG 	10.00000	0.00000	12.00000	-0.17825	-0.00509	2.31188	3.36834
1   	LYS 	11.00000	0.00000	10.60000	0.17500	0.01268	3.90605	5.58668
5   	ARG 	11.00000	0.00000	12.00000	-0.00407	0.54079	4.32394	9.47742
7   	GLU 	11.00000	2.60000	4.50000	-0.37194	0.51627	3.18067	8.15595
13  	LYS 	11.00000	0.00000	10.60000	-0.04546	0.64905	4.02219	10.06605
14  	ARG 	11.00000	0.00000	12.00000	0.03156	0.16855	2.92773	6.18373
15  	HIS 	11.00000	5.50000	6.30000	-0.23156	0.90600	4.53788	7.96350
18  	ASP 	11.00000	2.80000	4.00000	-0.36322	0.18160	5.50491	7.18588
21  	ARG 	11.00000	0.00000	12.00000	0.02025	-0.30591	5.13714	3.21848
33  	LYS 	11.00000	0.00000	10.60000	-0.12725	0.90193	4.33453	11.73972
35  	GLU 	11.00000	6.10000	4.50000	-0.16233	1.27290	4.71580	12.73449
45  	ARG 	11.00000	0.00000	12.00000	0.21558	-0.41337	5.73162	0.24419
48  	ASP 	11.00000	1.40000	4.00000	-0.22995	-0.30530	5.18037	0.95692
52  	ASP 	11.00000	3.60000	4.00000	-0.07327	-0.05285	9.46120	5.60269
61  	ARG 	11.00000	0.00000	12.00000	0.09218	-0.30674	8.06235	3.79916
66  	ASP 	11.00000	1.20000	4.00000	-0.37894	-0.24584	9.85725	3.30986
68  	ARG 	11.00000	0.00000	12.00000	0.24255	-0.39896	5.57437	0.91299
73  	ARG 	11.00000	0.00000	12.00000	-0.03058	-0.21052	4.24007	3.42934
87  	ASP 	11.00000	2.20000	4.00000	-0.08371	0.01381	3.95495	5.07113
96  	LYS 	11.00000	0.00000	10.60000	-0.11766	0.01602	5.71750	6.78145
97  	LYS 	11.00000	0.00000	10.60000	0.05419	0.11459	6.29470	7.54089
101 	ASP 	11.00000	4.50000	4.00000	-0.30873	0.02323	4.39313	5.54403
112 	ARG 	11.00000	0.00000	12.00000	-0.15039	0.10308	4.25899	6.85975
114 	ARG 	11.00000	0.00000	12.00000	-0.09221	-0.05767	4.64275	5.89998
116 	LYS 	11.00000	0.00000	10.60000	-0.39669	-0.17472	5.63703	4.83854
119 	ASP 	11.00000	3.50000	4.00000	-0.27331	-0.04840	3.02875	3.00046
125 	ARG 	11.00000	0.00000	12.00000	-0.04209	0.00231	3.16103	4.76895
128 	ARG 	11.00000	0.00000	12.00000	-0.06207	-0.00509	2.31188	3.36834
1   	LYS 	12.00000	0.00000	10.60000	0.28789	0.01268	3.90605	5.58668
5   	ARG 	12.00000	0.00000	12.00000	0.22604	0.54079	4.32394	9.47742
7   	GLU 	12.00000	2.60000	4.50000	-0.07934	0.51627	3.18067	8.15595
13  	LYS 	12.00000	0.00000	10.60000	0.25528	0.64905	4.02219	10.06605
14  	ARG 	12.00000	0.00000	12.00000	0.23218	0.16855	2.92773	6.18373
15  	HIS 	12.00000	5.50000	6.30000	0.11296	0.90600	4.53788	7.96350
18  	ASP 	12.00000	2.80000	4.00000	-0.06117	0.18160	5.50491	7.18588
21  	ARG 	12.00000	0.00000	12.00000	0.17923	-0.30591	5.13714	3.21848
33  	LYS 	12.00000	0.00000	10.60000	0.15635	0.90193	4.33453	11.73972
35  	GLU 	12.00000	6.10000	4.50000	0.12396	1.27290	4.71580	12.73449
45  	ARG 	12.00000	0.00000	12.00000	0.34035	-0.41337	5.73162	0.24419
48  	ASP 	12.00000	1.40000	4.00000	-0.02256	-0.30530	5.18037	0.95692
52  	ASP 	12.00000	3.60000	4.00000	0.18322	-0.05285	9.46120	5.60269
61  	ARG 	12.00000	0.00000	12.00000	0.29912	-0.30674	8.06235	3.79916
66  	ASP 	12.00000	1.20000	4.00000	-0.08410	-0.24584	9.85725	3.30986
68  	ARG 	12.00000	0.00000	12.00000	0.37265	-0.39896	5.57437	0.91299
73  	ARG 	12.00000	0.00000	12.00000	0.14434	-0.21052	4.24007	3.42934
87  	ASP 	12.00000	2.20000	4.00000	0.07522	0.01381	3.95495	5.07113
96  	LYS 	12.00000	0.00000	10.60000	0.15124	0.01602	5.71750	6.78145
97  	LYS 	12.00000	0.00000	10.60000	0.29270	0.11459	6.29470	7.54089
101 	ASP 	12.00000	4.50000	4.00000	-0.05091	0.02323	4.39313	5.54403
112 	ARG 	12.00000	0.00000	12.00000	0.09782	0.10308	4.25899	6.85975
114 	ARG 	12.00000	0.00000	12.00000	0.14017	-0.05767	4.64275	5.89998
116 	LYS 	12.00000	0.00000	10.60000	-0.09045	-0.17472	5.63703	4.83854
119 	ASP 	12.00000	3.50000	4.00000	-0.08022	-0.04840	3.02875	3.00046
125 	ARG 	12.00000	0.00000	12.00000	0.12183	0.00231	3.16103	4.76895
128 	ARG 	12.00000	0.00000	12.00000	0.09299	-0.00509	2.31188	3.36834
1   	LYS 	13.00000	0.00000	10.60000	0.37619	0.01268	3.90605	5.58668
5   	ARG 	13.00000	0.00000	12.00000	0.37877	0.54079	4.32394	9.47742
7   	GLU 	13.00000	2.60000	4.50000	0.14461	0.51627	3.18067	8.15595
13  	LYS 	13.00000	0.00000	10.60000	0.52049	0.64905	4.02219	10.06605
14  	ARG 	13.00000	0.00000	12.00000	0.33313	0.16855	2.92773	6.18373
15  	HIS 	13.00000	5.50000	6.30000	0.35262	0.90600	4.53788	7.96350
18  	ASP 	13.00000	2.80000	4.00000	0.12643	0.18160	5.50491	7.18588
21  	ARG 	13.00000	0.00000	12.00000	0.26061	-0.30591	5.13714	3.21848
33  	LYS 	13.00000	0.00000	10.60000	0.40030	0.90193	4.33453	11.73972
35  	GLU 	13.00000	6.10000	4.50000	0.32653	1.27290	4.71580	12.73449
45  	ARG 	13.00000	0.00000	12.00000	0.44976	-0.41337	5.73162	0.24419
48  	ASP 	13.00000	1.40000	4.00000	0.17302	-0.30530	5.18037	0.95692
52  	ASP 	13.00000	3.60000	4.00000	0.40269	-0.05285	9.46120	5.60269
61  	ARG 	13.00000	0.00000	12.00000	0.48278	-0.30674	8.06235	3.79916
66  	ASP 	13.00000	1.20000	4.00000	0.19071	-0.24584	9.85725	3.30986
68  	ARG 	13.00000	0.00000	12.00000	0.49212	-0.39896	5.57437	0.91299
73  	ARG 	13.00000	0.00000	12.00000	0.28840	-0.21052	4.24007	3.42934
87  	ASP 	13.00000	2.20000	4.00000	0.17291	0.01381	3.95495	5.07113
96  	LYS 	13.00000	0.00000	10.60000	0.32264	0.01602	5.71750	6.78145
97  	LYS 	13.00000	0.00000	10.60000	0.44388	0.11459	6.29470	7.54089
101 	ASP 	13.00000	4.50000	4.00000	0.11172	0.02323	4.39313	5.54403
112 	ARG 	13.00000	0.00000	12.00000	0.24471	0.10308	4.25899	6.85975
114 	ARG 	13.00000	0.00000	12.00000	0.28715	-0.05767	4.64275	5.89998
116 	LYS 	13.00000	0.00000	10.60000	0.18943	-0.17472	5.63703	4.83854
119 	ASP 	13.00000	3.50000	4.00000	0.07160	-0.04840	3.02875	3.00046
125 	ARG 	13.00000	0.00000	12.00000	0.25002	0.00231	3.16103	4.76895
128 	ARG 	13.00000	0.00000	12.00000	0.20912	-0.00509	2.31188	3.36834
1   	LYS 	14.00000	0.00000	10.60000	0.39330	0.01268	3.90605	5.58668
5   	ARG 	14.00000	0.00000	12.00000	0.40783	0.54079	4.32394	9.47742
7   	GLU 	14.00000	2.60000	4.50000	0.18791	0.51627	3.18067	8.15595
13  	LYS 	14.00000	0.00000	10.60000	0.57247	0.64905	4.02219	10.06605
14  	ARG 	14.00000	0.00000	12.00000	0.35160	0.16855	2.92773	6.18373
15  	HIS 	14.00000	5.50000	6.30000	0.39848	0.90600	4.53788	7.96350
18  	ASP 	14.00000	2.80000	4.00000	0.16184	0.18160	5.50491	7.18588
21  	ARG 	14.00000	0.00000	12.00000	0.27554	-0.30591	5.13714	3.21848
33  	LYS 	14.00000	0.00000	10.60000	0.44800	0.90193	4.33453	11.73972
35  	GLU 	14.00000	6.10000	4.50000	0.36536	1.27290	4.71580	12.73449
45  	ARG 	14.00000	0.00000	12.00000	0.47120	-0.41337	5.73162	0.24419
48  	ASP 	14.00000	1.40000	4.00000	0.21157	-0.30530	5.18037	0.95692
52  	ASP 	14.00000	3.60000	4.00000	0.44558	-0.05285	9.46120	5.60269
61  	ARG 	14.00000	0.00000	12.00000	0.51880	-0.30674	8.06235	3.79916
66  	ASP 	14.00000	1.20000	4.00000	0.24482	-0.24584	9.85725	3.30986
68  	ARG 	14.00000	0.00000	12.00000	0.51562	-0.39896	5.57437	0.91299
73  	ARG 	14.00000	0.00000	12.00000	0.31646	-0.21052	4.24007	3.42934
87  	ASP 	14.00000	2.20000	4.00000	0.19132	0.01381	3.95495	5.07113
96  	LYS 	14.00000	0.00000	10.60000	0.35509	0.01602	5.71750	6.78145
97  	LYS 	14.00000	0.00000	10.60000	0.47249	0.11459	6.29470	7.54089
101 	ASP 	14.00000	4.50000	4.00000	0.14248	0.02323	4.39313	5.54403
112 	ARG 	14.00000	0.00000	12.00000	0.27226	0.10308	4.25899	6.85975
114 	ARG 	14.00000	0.00000	12.00000	0.31495	-0.05767	4.64275	5.89998
116 	LYS 	14.00000	0.00000	10.60000	0.24445	-0.17472	5.63703	4.83854
119 	ASP 	14.00000	3.50000	4.00000	0.10104	-0.04840	3.02875	3.00046
125 	ARG 	14.00000	0.00000	12.00000	0.27486	0.00231	3.16103	4.76895
128 	ARG 	14.00000	0.00000	12.00000	0.23152	-0.00509	2.31188	3.36834
