pH  1           6            7          9           11           13           14          16           18           22           31           37          44           47         50
1   0.00119998  9.9998e-05   0.9982     0.00229995  0.00099998   0.000899982  0.00129997  0.9992       0.000399992  0.9969       0.000299994  0.9985      0.000199996  1          0.00239995
2   0.00119998  9.9998e-05   0.9957     0.00229995  0.00099998   0.000899982  0.00129997  0.9986       0.000399992  0.9813       0.000299994  0.9932      0.000199996  0.9973     0.00239995
3   0.00119998  9.9998e-05   0.914102   0.00229995  0.00099998   0.000899982  0.00129997  0.965901     0.000399992  0.924002     0.000299994  0.966101    0.000199996  0.972981   0.00239995
4   0.00119998  9.9998e-05   0.527209   0.00219996  0.00099998   0.000899982  0.00129997  0.746605     0.000399992  0.49881      0.000299994  0.785684    0.000199996  0.801904   0.00229995
5   0.00109998  0.000599988  0.0887182  0.00209996  0.000899982  0.000799984  0.00119998  0.268095     0.000299994  0.0893982    0.000199996  0.237015    9.9998e-05   0.203616   0.00189996
6   0.00109998  0.000599988  0          0.00209996  0.000899982  0.000799984  0.00119998  0.0281994    0.000299994  0.0183996    0.000199996  0.0232995   9.9998e-05   0.0242995  0.00189996
7   0.00109998  0.000599988  0          0.00209996  0.000899982  0.000799984  0.00119998  0.000599988  0.000299994  0.00259995   0.000199996  0.00249995  9.9998e-05   0          0.00189996
8   0.00409992  0.00849983   0          0.00429991  0.00209996   0.00309994   0.00199996  0            0.00539989   0.000399992  0.000199996  0           0.00609988   0          0.0117998
9   0.0212996   0.0249995    0          0.0262995   0.0231995    0.0285994    0.0229995   0            0.0310994    0            0.0200996    0           0.0264995    0          0.0326993
10  0.207296    0.202596     0          0.215896    0.191596     0.177596     0.178296    0            0.188496     0            0.217896     0           0.226295     0          0.199096
11  0.718706    0.714006     0          0.707806    0.711206     0.728805     0.752505    0            0.747985     0            0.692406     0           0.689186     0          0.709106
12  0.954601    0.962301     0          0.956401    0.952301     0.962301     0.966301    0            0.959301     0            0.953201     0           0.953101     0          0.961901
13  0.997       0.987        0          0.9975      0.9967       0.997        0.9977      0            0.9998       0            0.9968       0           0.9921       0          0.9964
14  1           1            0          1           1            1            1           0            1            0            1            0           1            0          1
