pH  1           6           7  9           11           13           14          16           18           22           31           37          44           47          50
1   0.00119998  9.9998e-05  0  0.00229995  0.00099998   0.000899982  0.00129997  0.00909982   0.000399992  0.962501     0.000299994  0.884602    0.000199996  0.618188    0.00239995
2   0.00119998  9.9998e-05  0  0.00229995  0.00099998   0.000899982  0.00129997  0.00139997   0.000399992  0.738005     0.000299994  0.689906    0.000199996  0.173397    0.00209996
3   0.00119998  9.9998e-05  0  0.00229995  0.00099998   0.000899982  0.00129997  0.000599988  0.000399992  0.286394     0.000299994  0.284814    0.000199996  0.0166997   0.00209996
4   0.00119998  9.9998e-05  0  0.00229995  0.00099998   0.000899982  0.00129997  0.000599988  0.000399992  0.0766985    0.000299994  0.0342993   0.000199996  0.0050999   0.00209996
5   0.00109998  9.9998e-05  0  0.00209996  0.000899982  0.00319994   0.00119998  0            0.000399992  0.00879982   0.000299994  0.00209996  0.000199996  0.00229995  0.00189996
6   0.00109998  0.00719986  0  0.00329993  0.00349993   0.000799984  0.00169997  0            0.000299994  0.000399992  0.000199996  0           9.9998e-05   0           0.00189996
7   0.00109998  0.0168997   0  0.00659987  0.0617988    0.0049999    0.0157997   0            0.00379992   0            0.000199996  0           9.9998e-05   0           0.00189996
8   0.00199996  0.047599    0  0.0471991   0.248495     0.0135997    0.107198    0            0.0119998    0            0.00639987   0           9.9998e-05   0           0.00189996
9   0.0299994   0.230995    0  0.143617    0.556589     0.0405992    0.268695    0            0.0654987    0            0.0411992    0           0.00439991   0           0.00439991
10  0.105798    0.353793    0  0.295494    0.763105     0.0691986    0.51191     0            0.191416     0            0.190296     0           0.0354993    0           0.0631987
11  0.299694    0.442791    0  0.653607    0.769205     0.125897     0.621488    0            0.424812     0            0.581908     0           0.158197     0           0.267795
12  0.581008    0.613508    0  0.871503    0.873803     0.187216     0.720986    0            0.553089     0            0.899102     0           0.453111     0           0.530489
13  0.779804    0.799304    0  0.967901    0.9782       0.260395     0.776204    0            0.793784     0            0.978        0           0.821004     0           0.816804
14  0.933601    0.947001    0  0.9962      0.9933       0.460891     0.835003    0            0.937801     0            0.9989       0           0.964601     0           0.972901
