pH  0           4           6           12          13         17         20         32          34         44         47          51         60          65         67          72         86          95          96          100        111        113        115         118         124        127
1   0.00349965  0.0009999   0.0089991   0.00749925  0.0144986  0.0114989  0.0179982  0.00249975  0.0634937  0.0324968  0.156084    0.411959   0.010499    0.0614939  0.0049995   0.0249975  0.39746     0.0039996   0.00849915  0.0379962  0.0309969  0.0334967  0.00549945  0.0639936   0.0129987  0.00449955
2   0.00349965  0.0009999   0.0089991   0.00749925  0.0144986  0.0114989  0.0179982  0.00249975  0.0444956  0.0319968  0.0414959   0.138086   0.010499    0.029997   0.0049995   0.0194981  0.166483    0.0039996   0.00849915  0.0349965  0.0649935  0.0329967  0.00549945  0.030497    0.0129987  0.00449955
3   0.00349965  0.0009999   0.0089991   0.00749925  0.0144986  0.0114989  0.0179982  0.00249975  0.0324968  0.0319968  0.00049995  0.0449955  0.010499    0.0219978  0.0049995   0.0194981  0.030497    0.0039996   0.00849915  0.0349965  0.0279972  0.0329967  0.00549945  0.0189981   0.0129987  0.00449955
4   0.0039996   0.0009999   0.0029997   0.00349965  0.0154985  0.0119988  0.0189981  0.00749925  0.0079992  0.0134987  0.0139986   0.0144986  0.0109989   0.0224978  0.00549945  0.0254975  0.0019998   0.00449955  0.0129987   0.0349965  0.0284972  0.0329967  0.0349965   0.009999    0.0069993  0.0049995
5   0.0049995   0.0019998   0.0039996   0.00449955  0.0154985  0.0119988  0.0189981  0.00749925  0.0079992  0.0134987  0           0.0009999  0.0109989   0          0.0059994   0.0249975  0.0029997   0.126487    0.059994    0.0344966  0.0279972  0.0324968  0.212979    0.009999    0.0139986  0.0519948
6   0.0049995   0.0019998   0.0039996   0.00449955  0.0154985  0.0119988  0.0189981  0.00749925  0.0079992  0.0134987  0           0.0009999  0.0109989   0          0.0059994   0.0249975  0.0029997   0.442056    0.0609939   0.0349965  0.0279972  0.0324968  0.70343     0.009999    0.0139986  0.0774923
7   0.0049995   0.0019998   0.0039996   0.0384962   0.0154985  0.0119988  0.0189981  0.0439956   0.0079992  0.0134987  0           0.0009999  0.0109989   0          0.0059994   0.0249975  0.0029997   0.716028    0.125987    0.0349965  0.0394961  0.0419958  0.888511    0.009999    0.0139986  0.050495
8   0.0049995   0.00749925  0.0039996   0.0629937   0.0264974  0.0119988  0.0184982  0.161984    0.0079992  0.0314969  0           0.0009999  0.0109989   0          0.0059994   0.0244976  0.0029997   0.829517    0.179982    0.0344966  0.0479952  0.244976   0.839516    0.009999    0.0134987  0.10199
9   0.0049995   0.0684932   0.0039996   0.121988    0.0839916  0.0114989  0.0284972  0.272073    0.0319968  0.0314969  0           0.0009999  0.010499    0          0.0059994   0.0384962  0.0029997   0.959004    0.0459954   0.0344966  0.152985   0.476452   0.79752     0.00949905  0.0129987  0.10299
10  0.0049995   0.123488    0.0039996   0.523948    0.178582   0.0114989  0.0669933  0.371463    0.0344966  0.030497   0           0.0009999  0.010499    0          0.0059994   0.0769923  0.0029997   0.818018    0.359964    0.0334967  0.171483   0.714029   0.863514    0.00949905  0.0444956  0.187981
11  0.0869913   0.106989    0.00349965  0.39896     0.435556   0.0114989  0.0449955  0.633537    0.0354965  0.0129987  0           0.020498   0.00749925  0          0.00549945  0.355564   0.00249975  0.949505    0.409959    0.0384962  0.0519948  0.922008   0.985001    0.00949905  0.239476   0.419958
12  0.373963    0.143986    0.00349965  0.558944    0.429057   0.0139986  0.0909909  0.838516    0.030497   0.0749925  0           0.0124988  0.0019998   0          0.0049995   0.715028   0.00249975  1           0.524048    0.0344966  0.189581   0.969503   0.928007    0.00849915  0.426957   0.546045
13  0.845415    0.185581    0.0029997   0.709429    0.284072   0.009999   0.136486   0.886511    0.0329967  0.0414959  0           0.0124988  0.0784922   0          0.00449955  0.790521   0.0019998   1           0.840516    0.0579942  0.384962   0.946505   0.969003    0.0079992   0.60004    0.89851
14  0.926507    0.314969    0.0029997   0.29807     0.762424   0.009999   0.50445    0.916008    0.029997   0.347965   0           0.0124988  0.0419958   0          0.0145985   0.9995     0.0019998   0.971003    0.835016    0.0339966  0.731527   0.945505   1           0.0079992   0.882912   0.993001
