pH  1           6            7          9           11           13           14          16         18           22           31           37          44           47           50
1   0.00119998  9.9998e-05   0.9982     0.00229995  0.00099998   0.000899982  0.00129997  0.9992     0.000399992  0.9969       0.000299994  0.9985      0.000199996  1            0.00239995
2   0.00119998  9.9998e-05   0.9868     0.00229995  0.00099998   0.000899982  0.00129997  0.995      0.000399992  0.9802       0.000299994  0.9934      0.000199996  0.9948       0.00239995
3   0.00119998  9.9998e-05   0.794204   0.00229995  0.00099998   0.000899982  0.00129997  0.930801   0.000399992  0.878882     0.000299994  0.954301    0.000199996  0.970301     0.00239995
4   0.00119998  9.9998e-05   0.304294   0.00219996  0.00099998   0.000899982  0.00129997  0.600388   0.000399992  0.470911     0.000299994  0.752205    0.000199996  0.688686     0.00229995
5   0.00109998  0.000599988  0.0329993  0.00209996  0.000899982  0.000799984  0.00119998  0.146997   0.000299994  0.0703986    0.000199996  0.207696    9.9998e-05   0.146297     0.00189996
6   0.00109998  0.000599988  0          0.00209996  0.000899982  0.000799984  0.00119998  0.0138997  0.000299994  0.0140997    0.000199996  0.0205996   9.9998e-05   0.0163997    0.00189996
7   0.00109998  0.000599988  0          0.00209996  0.000899982  0.000799984  0.00119998  0          0.000299994  0.00259995   0.000199996  0.00249995  9.9998e-05   0.000199996  0.00189996
8   0.00409992  0.0104998    0          0.00429991  0.00209996   0.00309994   0.00199996  0          0.00539989   0.000399992  0.00109998   0           0.00609988   0            0.0115998
9   0.0246995   0.0264995    0          0.0306994   0.0336993    0.0285994    0.0187996   0          0.0310994    0            0.0285994    0           0.0230995    0            0.0198996
10  0.185816    0.226415     0          0.203496    0.202516     0.183196     0.204096    0          0.194016     0            0.200796     0           0.212796     0            0.167797
11  0.665207    0.720906     0          0.707806    0.706806     0.635887     0.691306    0          0.684986     0            0.700306     0           0.649407     0            0.690586
12  0.952001    0.947901     0          0.959401    0.954201     0.957001     0.948401    0          0.931401     0            0.948001     0           0.949701     0            0.957701
13  0.9989      0.9806       0          0.9975      0.9967       0.9892       0.9966      0          0.9998       0            0.9965       0           0.9859       0            0.9961
14  1           0.9995       0          1           1            1            1           0          1            0            1            0           1            0            1
