pH 0 4 6 12 13 17 20 32 34 44 47 51 60 65 67 72 86 95 96 100 111 113 115 118 124 127
1 6.99999e-05 2e-05 0.99877 0.00015 0.000279999 0.99128 0.000359999 4.99999e-05 0.99764 0.0002 0.99718 0.99161 0.00021 0.99247 9.99998e-05 0.000379999 0.99842 7.99998e-05 0.00017 0.99634 0.00144 0.000619999 0.00011 0.99669 0.000319999 8.99998e-05
2 6.99999e-05 2e-05 0.98366 0.00015 0.000279999 0.921488 0.000359999 4.99999e-05 0.97654 0.0002 0.96316 0.95131 0.00021 0.94759 9.99998e-05 0.000379999 0.97341 7.99998e-05 0.00017 0.95534 0.000859998 0.000619999 0.00011 0.97146 0.000319999 8.99998e-05
3 6.99999e-05 2e-05 0.84202 0.00015 0.000279999 0.550511 0.000359999 4.99999e-05 0.8546 0.0002 0.76521 0.702401 0.00021 0.646811 9.99998e-05 0.000479999 0.804488 7.99998e-05 0.00017 0.671919 0.000599999 0.000639999 0.00011 0.76062 0.000349999 8.99998e-05
4 6.99999e-05 2e-05 0.406521 0.00015 0.000289999 0.11953 0.000359999 4.99999e-05 0.456359 0.000619999 0.284761 0.286079 0.00021 0.20377 9.99998e-05 0.000389999 0.314181 7.99998e-05 0.00017 0.20037 0.0013 0.000709999 0.00011 0.262399 0.000259999 8.99998e-05
5 0.000369999 3.99999e-05 0.0756698 8.99998e-05 0.000309999 0.01583 0.000389999 0.00015 0.0990298 0.000269999 0.0454399 0.0470299 0.00022 0.0302799 0.00012 0.000409999 0.0437899 2.99999e-05 0.000259999 0.019 0.000889998 0.000649999 9.99998e-06 0.0394599 0.000279999 0.000999998
6 0.000369999 3.99999e-05 0.00837998 8.99998e-05 0.000309999 0.00334999 0.000379999 0.000299999 0.00947998 0.000269999 0.00436999 0.00764998 0.00022 0.00348999 0.00012 0.000499999 0.00460999 7.99998e-05 0.000259999 0.00336999 0.000559999 0.000649999 9.99998e-06 0.00349999 0.000279999 0.00104
7 0.000369999 3.99999e-05 0.000769998 8.99998e-05 0.000309999 0.00024 0.000379999 0.000759998 0.00115 0.000269999 9.99998e-06 0.00134 0.00022 0.000719999 0.00012 0.000959998 0.00025 7.99998e-05 0.00244 0.000689999 0.000599999 0.000649999 0.00191 0.0002 0.000279999 0.00104
8 0.00169 3.99999e-05 7.99998e-05 0.00305999 0.000309999 0.00024 0.000379999 0.00296999 0.00016 0.000269999 0 2e-05 0.00022 0 0.00012 0.000499999 5.99999e-05 0.00934998 0.00770998 0.000689999 0.000599999 0.00655999 0.00588999 0.0002 0.000529999 0.00115
9                                                                                                                                                                                                                                                                                                     0.01492   0.00233    7.99998e-05  0.0348599  0.00189    0.00024      0.00247    0.0443499  0.00016      0.000719999  0  2e-05        0.0017     0  0.000969998  0.00174   5.99999e-05  0.0631999  0.0487299  0.000689999  0.00119    0.0466299  0.0819098  0.0002   0.00260999  0.00251999
10                                                                                                                                                                                                                                                                                                    0.16388   0.0125     7.99998e-05  0.24589    0.01896    0.00024      0.01526    0.266619   0.00016      0.00663999   0  2e-05        0.01052    0  0.00734999   0.01083   5.99999e-05  0.365269   0.296049   0.000689999  0.01802    0.301559   0.413791   0.0002   0.01349     0.01865
11                                                                                                                                                                                                                                                                                                    0.644161  0.0882698  6.99999e-05  0.713081   0.0815798  0.000289999  0.0799598  0.721521   0.000689999  0.0534599    0  0.000419999  0.0608399  0  0.0456599    0.10415   4.99999e-05  0.78315    0.688929   0.000719999  0.0965498  0.75582    0.810848   0.00018  0.10057     0.11205
12                                                                                                                                                                                                                                                                                                    0.93178   0.398301   6.99999e-05  0.94899    0.367209   0.000279999  0.394201   0.93274    0.000619999  0.331979     0  0.00025      0.334439   0  0.273379     0.458089  4.99999e-05  0.95692    0.94395    0.000699999  0.426199   0.951958   0.95969    0.00017  0.441259    0.466529
13                                                                                                                                                                                                                                                                                                    0.99588   0.81485    5.99999e-05  0.98963    0.82327    0.000409999  0.84828    0.99079    0.00012      0.79163      0  0.000369999  0.76714    0  0.747331     0.849918  3.99999e-05  0.99133    0.98813    0.000659999  0.84442    0.99528    0.99476    0.00016  0.852       0.87293
14                                                                                                                                                                                                                                                                                                    0.99935   0.98502    5.99999e-05  0.99933    0.98025    0.000699999  0.98695    0.99871    0.00012      0.9753       0  0.00023      0.96735    0  0.96865      0.98184   3.99999e-05  1          0.99705    0.000639999  0.98508    0.99912    0.9996     0.00016  0.9812      0.98966
