pH  1           6            7          9           11           13           14          16          18           22           31           37          44           47         50
1   0.00119998  9.9998e-05   0.664687   0.00229995  0.00099998   0.000899982  0.00129997  0.925201    0.000399992  0.9961       0.000299994  0.9961      0.000199996  0.9971     0.00239995
2   0.00119998  9.9998e-05   0.302594   0.00229995  0.00099998   0.000899982  0.00129997  0.674087    0.000399992  0.9754       0.000299994  0.9778      0.000199996  0.946501   0.00239995
3   0.00119998  9.9998e-05   0.049999   0.00229995  0.00099998   0.000899982  0.00129997  0.246115    0.000399992  0.698306     0.000299994  0.815504    0.000199996  0.710006   0.00239995
4   0.00119998  9.9998e-05   0.0049999  0.00219996  0.00099998   0.000899982  0.00129997  0.0392992   0.000399992  0.229295     0.000299994  0.412112    0.000199996  0.224816   0.00229995
5   0.00109998  0.000599988  0          0.00209996  0.000899982  0.000799984  0.00119998  0.00239995  0.000299994  0.0414992    0.000199996  0.0667987   9.9998e-05   0.0195996  0.00189996
6   0.00109998  0.000599988  0          0.00209996  0.000899982  0.000799984  0.00221996  0           0.000299994  0.00259995   0.000199996  0.00379992  9.9998e-05   0          0.00189996
7   0.00109998  0.00109998   0          0.00209996  0.000899982  0.000799984  0.00169997  0           0.000299994  0.000399992  0.000199996  0           9.9998e-05   0          0.00189996
8   0.00219996  0.0149997    0          0.00659987  0.0164997    0.0130997    0.0120998   0           0.00809984   0            0.00719986   0           0.00139997   0          0.0109998
9   0.0426191   0.0661987    0          0.050299    0.118098     0.0327993    0.0781984   0           0.0579988    0            0.0318994    0           0.0175996    0          0.0219996
10  0.189096    0.322414     0          0.329893    0.347293     0.185096     0.314594    0           0.187816     0            0.210796     0           0.0876182    0          0.152597
11  0.50339     0.550589     0          0.647507    0.711206     0.374593     0.580788    0           0.541909     0            0.659807     0           0.48221      0          0.471291
12  0.829303    0.838203     0          0.930501    0.881682     0.655907     0.793404    0           0.837703     0            0.932601     0           0.831503     0          0.872503
13  0.9827      0.960301     0          0.9903      0.9768       0.939401     0.950601    0           0.972601     0            0.9919       0           0.976        0          0.9835
14  0.9981      0.9887       0          0.9978      1            0.9942       0.9981      0           0.9965       0            1            0           0.9941       0          0.9994
