pH  1           6            7          9           11           13           14          16         18           22           31           37           44           47           50
1   0.00119998  9.9998e-05   0.9898     0.00229995  0.00099998   0.000899982  0.00129997  0.9992     0.000399992  0.9963       0.000299994  0.9985       0.000199996  0.9998       0.00239995
2   0.00119998  9.9998e-05   0.905402   0.00229995  0.00099998   0.000899982  0.00129997  0.9886     0.000399992  0.972501     0.000299994  0.9892       0.000199996  0.9968       0.00239995
3   0.00119998  9.9998e-05   0.534509   0.00229995  0.00099998   0.000899982  0.00129997  0.814504   0.000399992  0.873303     0.000299994  0.926501     0.000199996  0.924802     0.00239995
4   0.00119998  9.9998e-05   0.140797   0.00219996  0.00099998   0.000899982  0.00129997  0.387492   0.000399992  0.384112     0.000299994  0.635507     0.000199996  0.48971      0.00229995
5   0.00109998  0.000599988  0.0111998  0.00209996  0.000899982  0.000799984  0.00119998  0.102098   0.000299994  0.0589988    0.000199996  0.174117     9.9998e-05   0.0948181    0.00189996
6   0.00109998  0.000599988  0          0.00209996  0.000899982  0.000799984  0.00119998  0.0098998  0.000299994  0.0100998    0.000199996  0.0242995    9.9998e-05   0.00139997   0.00189996
7   0.00109998  0.000599988  0          0.00209996  0.000899982  0.000799984  0.00119998  0          0.000299994  0.000599988  0.000199996  0.000799984  9.9998e-05   0.000199996  0.00189996
8   0.00409992  0.0135997    0          0.00339993  0.0051999    0.00309994   0.0047999   0          0.00539989   0            0.00289994   0            0.00609988   0            0.0115998
9   0.0246995   0.0233995    0          0.0453991   0.0467991    0.0315994    0.0380992   0          0.0298994    0            0.0220996    0            0.0244995    0            0.0241995
10  0.176996    0.248195     0          0.230995    0.267495     0.165197     0.220096    0          0.221396     0            0.198796     0            0.188696     0            0.169817
11  0.638107    0.652687     0          0.697806    0.701906     0.591808     0.661687    0          0.637507     0            0.676406     0            0.589988     0            0.642407
12  0.929701    0.920202     0          0.959981    0.943701     0.913902     0.914002    0          0.906502     0            0.950901     0            0.948781     0            0.935001
13  0.9935      0.9783       0          0.9955      0.9931       0.9844       0.9919      0          0.9939       0            0.992        0            0.9794       0            0.9954
14  1           0.9999       0          1           1            0.9958       0.9995      0          1            0            1            0            1            0            1
