pH  1           6            7           9           11           13           14          16         18           22           31           37          44           47          50
1   0.00119998  9.9998e-05   0.239495    0.00229995  0.00099998   0.000899982  0.00129997  0.647687   0.000399992  0.9978       0.000299994  0.9847      0.000199996  0.9771      0.00239995
2   0.00119998  9.9998e-05   0.0623988   0.00229995  0.00099998   0.000899982  0.00129997  0.267495   0.000399992  0.939501     0.000299994  0.950501    0.000199996  0.863583    0.00239995
3   0.00119998  9.9998e-05   0.00259995  0.00229995  0.00099998   0.000899982  0.00129997  0.0560989  0.000399992  0.614208     0.000299994  0.723986    0.000199996  0.461311    0.00209996
4   0.00119998  9.9998e-05   0           0.00229995  0.00099998   0.000899982  0.00129997  0.0099998  0.000399992  0.171697     0.000299994  0.279494    0.000199996  0.098898    0.00209996
5   0.00109998  0.000599988  0           0.00209996  0.000899982  0.000799984  0.00119998  0          0.000299994  0.0358993    0.000199996  0.0303994   9.9998e-05   0.00749985  0.00189996
6   0.00109998  0.000599988  0           0.00209996  0.000899982  0.000799984  0.00119998  0          0.000299994  0.00399992   0.000199996  0.00189996  9.9998e-05   0           0.00189996
7   0.00109998  0.00719986   0           0.00209996  0.00469991   0.000799984  0.00169997  0          0.000299994  0.000399992  0.000199996  0           9.9998e-05   0           0.00189996
8   0.00409992  0.0198996    0           0.00949981  0.0469991    0.0119998    0.0213996   0          0.00629987   0            0.00709986   0           0.000799984  0           0.00249995
9   0.0203996   0.135197     0           0.0816984   0.185016     0.0585188    0.103898    0          0.0642987    0            0.0274995    0           0.0161997    0           0.0217996
10  0.159797    0.313414     0           0.354893    0.49659      0.149597     0.358193    0          0.206096     0            0.192096     0           0.0629987    0           0.122698
11  0.455111    0.537589     0           0.672607    0.728585     0.310014     0.543489    0          0.438891     0            0.583808     0           0.393392     0           0.424512
12  0.772885    0.785604     0           0.915482    0.897502     0.51261      0.723306    0          0.784884     0            0.916302     0           0.747805     0           0.802484
13  0.951101    0.943601     0           0.9881      0.9799       0.825803     0.872883    0          0.921102     0            0.975        0           0.965101     0           0.955301
14  0.9954      0.9815       0           0.9991      0.9988       0.977        0.9808      0          0.9973       0            1            0           0.9941       0           0.9959
