pH  1           6            7            9           11           13           14          16           18           22           31           37           44           47           50
1   0.00119998  9.9998e-05   0.966001     0.00229995  0.00099998   0.000899982  0.00129997  0.9967       0.000399992  0.9977       0.000299994  0.9971       0.000199996  0.9998       0.00239995
2   0.00119998  9.9998e-05   0.734505     0.00229995  0.00099998   0.000899982  0.00129997  0.934401     0.000399992  0.966301     0.000299994  0.9863       0.000199996  0.9915       0.00239995
3   0.00119998  9.9998e-05   0.275314     0.00229995  0.00099998   0.000899982  0.00129997  0.606088     0.000399992  0.802304     0.000299994  0.898302     0.000199996  0.848603     0.00209996
4   0.00119998  9.9998e-05   0.0440991    0.00219996  0.00099998   0.000899982  0.00129997  0.158997     0.000399992  0.332013     0.000299994  0.51351      0.000199996  0.427391     0.00229995
5   0.00109998  0.000599988  0.000299994  0.00209996  0.000899982  0.000799984  0.00119998  0.0295994    0.000299994  0.0745185    0.000199996  0.0930981    9.9998e-05   0.0702186    0.00189996
6   0.00109998  0.000599988  0            0.00209996  0.000899982  0.000799984  0.00119998  0.000399992  0.000299994  0.0102998    0.000199996  0.0157997    9.9998e-05   0.000699986  0.00189996
7   0.00109998  0.00099998   0            0.00209996  0.000899982  0.000799984  0.00119998  0            0.000299994  0.000399992  0.000199996  0.000799984  9.9998e-05   0.000199996  0.00189996
8   0.00219996  0.0208996    0            0.00459991  0.0048999    0.00539989   0.00689986  0            0.00559989   0            0.00289994   0            0.000199996  0            0.0109998
9   0.0217996   0.047599     0            0.051899    0.0675986    0.0234995    0.0451991   0            0.0377992    0            0.0282994    0            0.0242995    0            0.0246995
10  0.196396    0.270215     0            0.252115    0.307694     0.171997     0.258595    0            0.222796     0            0.202596     0            0.129497     0            0.167797
11  0.586488    0.591888     0            0.677706    0.664607     0.535209     0.558709    0            0.607988     0            0.672607     0            0.554289     0            0.557589
12  0.874603    0.889602     0            0.935401    0.900702     0.840603     0.891302    0            0.895102     0            0.950001     0            0.897782     0            0.911402
13  0.9895      0.974001     0            0.9941      0.9836       0.974001     0.9866      0            0.98         0            0.9928       0            0.9774       0            0.9972
14  1           0.9999       0            1           1            0.9954       0.9992      0            1            0            1            0            1            0            1
